1
16
39
62
85
106
126
143
159
173
186
197
207
215
224
230
237
242
247
251
256
258
262
265
266
269
269
271
273
273
274
276
276
277
275
277
277
277
276
276
277
277
276
274
276
275
274
274
273
273
273
272
271
269
270
270
269
269
269
267
267
269
270
270
270
268
267
266
265
264
262
261
261
259
259
258
257
256
256
257
257
256
256
255
255
254
253
252
252
251
251
249
250
249
248
247
247
247
246
246
245
244
243
244
243
243
243
242
243
241
241
240
240
240
239
239
240
238
238
238
238
237
237
238
237
235
235
233
235
233
234
232
232
231
232
230
230
230
229
229
228
229
228
227
226
227
227
226
226
224
224
224
223
222
223
223
222
221
221
221
222
220
220
219
220
219
219
220
218
219
216
216
217
217
216
215
216
215
214
214
213
214
214
213
213
213
213
212
212
211
211
211
212
210
211
211
209
211
210
209
210
209
209
209
209
210
209
208
208
208
207
207
207
206
206
206
206
205
205
206
205
205
204
204
205
204
203
205
205
205
203
204
203
204
204
204
204
205
205
205
206
207
206
205
204
205
204
205
204
206
204
205
205
205
205
204
203
190
194
206
220
235
250
264
277
288
298
308
316
324
330
334
340
344
348
351
354
356
358
359
360
361
362
362
363
364
363
363
363
363
363
362
362
360
360
359
359
359
358
357
357
356
356
354
352
352
352
353
352
350
350
349
348
347
345
345
343
343
341
340
339
338
338
336
336
335
334
334
332
332
331
330
329
328
327
325
326
324
324
322
322
321
320
319
318
317
316
316
314
314
312
311
311
310
309
308
307
307
305
304
304
302
301
301
300
299
298
298
297
296
295
294
293
292
292
290
290
290
288
287
286
286
288
287
285
284
284
283
282
281
280
279
278
277
276
276
274
273
273
270
271
270
269
269
268
268
267
267
265
265
264
263
263
262
261
260
259
259
258
257
257
256
254
254
254
253
253
252
251
250
250
250
248
248
247
247
245
246
246
246
245
244
244
243
244
243
243
242
241
241
241
239
239
238
238
237
237
237
236
237
234
235
234
235
234
232
232
232
232
231
231
231
231
229
230
230
230
227
229
228
228
226
226
225
226
225
224
224
223
223
224
223
223
223
222
223
222
221
219
219
219
219
218
218
217
218
217
217
216
217
217
0
